733.9186983359832
350.93596653861465
88.50478513363444
71.18195095693426
46.122871930701194
22.273963188333937
12.074025995949796
8.689267433405455
4.280793578195642
2.370516279463338
2.118854560251961
1.9582180759101107
1.8631029479892618
1.7990834412351617
1.7579710298071163
1.736788575890678
1.7053897750518203
1.6824432770656585
1.6682594647599487
1.6771800777602763
1.6592857434711092
1.657722991303487
1.647275272800421
1.6426603779103317
1.6327935195775396
1.6294461220369314
1.6261998301292238
1.6258248756515385
1.6181800854378778
1.6129002484538617
